        53     1     3
        95     1     7
       108     1     31
       164     1     7
       301     1     31
       171     1     5
       366     1     5
       690     1     7
       864     1     3
       333     1     33
      1088     1     5
      1158     1     3
       385     1     5
      1180     1     5
       400     1     5
       414     1     37
      1366     1     33
      1369     1     37
      1370     1     5
       443     1     3
       478     1     35
      1527     1     31
       505     1     3
       511     1     22
      1653     1     32
      1699     1     7
